uij9j7g267ycu5uj5cemdqvn6h8z5lno:4:9217.395519259258:
yij9j7g267ycu5uj5cemdqvn6h8z5lno:4:9217.395519259258:
