uij9j7g267ycu5uj5cemdqvn6h8z5lno:4:9218.37915513889:
yij9j7g267ycu5uj5cemdqvn6h8z5lno:4:9218.37915513889:
l
